4 0.765268 0.693075 0.150405 0.207934 0.909633
1 0.540884 0.551244 0.0703908 0.105004 0.858516
4 0.630538 0.506048 0.0829122 0.123551 0.835682
1 0.50127 0.436997 0.0438784 0.0653009 0.773124
1 0.349394 0.468928 0.0499601 0.0655392 0.750974
1 0.588261 0.446566 0.0417053 0.0632038 0.705008
1 0.610826 0.3968 0.0387628 0.048288 0.642946
1 0.566252 0.412963 0.0385811 0.0507415 0.60592
5 0.249509 0.482119 0.0566999 0.0698845 0.597182
4 0.71993 0.504342 0.0756586 0.0926646 0.551422
5 0.165473 0.513188 0.0669604 0.0725712 0.534684
5 0.720038 0.505477 0.0769275 0.0941628 0.494113
5 0.665074 0.422385 0.0659396 0.101598 0.465883
4 0.250295 0.482273 0.0566115 0.0686923 0.369152
1 0.489163 0.394249 0.0353408 0.0457325 0.33984
4 0.664675 0.420143 0.0663832 0.101538 0.322376
