1 0.591713 0.751918 0.115528 0.182536 0.902935
1 0.244793 0.814487 0.126704 0.163685 0.889472
4 0.0681262 0.571804 0.136252 0.315889 0.876274
1 0.325343 0.586117 0.0727106 0.0870299 0.866821
4 0.804572 0.771712 0.280897 0.452012 0.857955
1 0.176468 0.628085 0.0914008 0.10692 0.855727
1 0.537777 0.570886 0.0677551 0.0978565 0.846033
1 0.269832 0.459082 0.0514405 0.0598267 0.80223
1 0.506895 0.463454 0.051296 0.0835453 0.776484
4 0.615032 0.448102 0.0709167 0.135901 0.774135
5 0.731024 0.490907 0.070669 0.095804 0.772905
4 0.264079 0.355336 0.0705769 0.112151 0.763551
4 0.899178 0.606993 0.197018 0.322493 0.751961
1 0.358736 0.441862 0.0558403 0.081419 0.69328
4 0.657573 0.523582 0.0820103 0.115712 0.6909
1 0.568281 0.420835 0.036353 0.0542394 0.643587
1 0.332038 0.369032 0.0341286 0.0428051 0.594468
1 0.659592 0.437668 0.0350159 0.0540256 0.580423
5 0.290447 0.402367 0.0426537 0.0577963 0.502451
1 0.479442 0.35958 0.0333444 0.0443522 0.460794
4 0.892211 0.552634 0.187458 0.212529 0.45353
1 0.384047 0.370231 0.0317431 0.0460151 0.44835
5 0.657447 0.524757 0.0830652 0.118068 0.384334
1 0.290653 0.401759 0.0427224 0.0569278 0.305086
4 0.939627 0.634831 0.118393 0.26971 0.285036
