4 0.635862 0.487718 0.131182 0.199931 0.90948
1 0.776118 0.550793 0.0906682 0.115961 0.796685
1 0.57913 0.657734 0.104978 0.14595 0.781031
1 0.524233 0.517918 0.0643876 0.0999618 0.726872
1 0.287032 0.657195 0.0955389 0.128961 0.70851
1 0.498195 0.457555 0.0496916 0.0664324 0.689971
5 0.0737386 0.750228 0.147477 0.253603 0.59796
1 0.489529 0.411729 0.0405384 0.0486376 0.525518
1 0.681473 0.954261 0.171091 0.0914042 0.448585
4 0.561257 0.391751 0.0542044 0.0931484 0.389408
5 0.561039 0.392014 0.0525117 0.0923811 0.364901
1 0.384588 0.351726 0.0345982 0.0431535 0.34933
4 0.523715 0.334518 0.0465906 0.092341 0.275083
