0 0.690291 0.559573 0.184791 0.277438 0.953829
1 0.551752 0.606642 0.0853705 0.124861 0.863706
4 0.0518725 0.583039 0.103023 0.222927 0.848854
0 0.544811 0.36781 0.0612625 0.0969762 0.823265
1 0.598605 0.791926 0.122353 0.172647 0.823067
1 0.510812 0.492707 0.0571533 0.0794095 0.81972
4 0.678004 0.403568 0.104832 0.127397 0.806148
1 0.257129 0.573286 0.0816309 0.100178 0.747091
1 0.577888 0.462074 0.0501013 0.066918 0.727383
1 0.340181 0.457548 0.0563296 0.0681732 0.685586
1 0.561339 0.423629 0.0411287 0.0529229 0.576841
4 0.60178 0.368557 0.0590092 0.10794 0.570707
4 0.912982 0.809642 0.174036 0.380716 0.488176
1 0.770713 0.554368 0.0569975 0.0987846 0.478041
1 0.858367 0.647013 0.0885189 0.115559 0.431522
1 0.384562 0.352559 0.0336139 0.0421877 0.42856
1 0.495069 0.417869 0.0378741 0.0388166 0.414446
1 0.501032 0.450924 0.0456459 0.0547129 0.369688
1 0.477594 0.363904 0.0329895 0.0359628 0.306581
1 0.484047 0.396572 0.036657 0.0423568 0.300857
0 0.467415 0.329738 0.0429672 0.0650036 0.297965
1 0.498519 0.428069 0.0426949 0.047998 0.265007
