0 0.507785 0.424389 0.0837723 0.142 0.924631
4 0.567041 0.388622 0.0731136 0.12188 0.878041
5 0.858437 0.603906 0.12668 0.182232 0.852893
5 0.128163 0.633384 0.133642 0.212366 0.803195
1 0.638015 0.906403 0.151869 0.187195 0.801206
1 0.282591 0.666448 0.101919 0.12332 0.773284
4 0.637111 0.382864 0.0813497 0.128081 0.772335
1 0.712559 0.493894 0.0755121 0.104709 0.703522
4 0.213595 0.407726 0.0856421 0.0968719 0.691499
4 0.222342 0.476747 0.0907901 0.103618 0.644515
5 0.284108 0.425858 0.0632886 0.0949385 0.604269
1 0.733541 0.447545 0.0589852 0.0678215 0.585468
1 0.363553 0.443017 0.0468647 0.0599306 0.567295
1 0.377899 0.376333 0.0350678 0.0466933 0.525291
4 0.94178 0.872388 0.115605 0.255224 0.337931
1 0.315248 0.380788 0.0426835 0.05766 0.336237
