1 0.292144 0.804297 0.112434 0.138779 0.877568
1 0.170801 0.732709 0.105627 0.124614 0.865221
1 0.272395 0.549714 0.0619054 0.0851942 0.806389
1 0.0393672 0.632567 0.0781547 0.0938585 0.804843
1 0.358259 0.556616 0.0627062 0.079575 0.804072
1 0.577716 0.628395 0.0794605 0.115553 0.80157
5 0.162027 0.567445 0.0997653 0.129389 0.791789
4 0.306997 0.414661 0.054527 0.0827462 0.781256
1 0.225745 0.507356 0.0506045 0.0713335 0.772277
4 0.324831 0.474094 0.0645201 0.099423 0.770142
5 0.351989 0.425002 0.0407947 0.0573213 0.753193
1 0.247435 0.450369 0.0406573 0.0464272 0.728903
1 0.388789 0.492626 0.0436595 0.0554506 0.727297
1 0.505085 0.447633 0.0356403 0.0466138 0.685368
1 0.395108 0.4307 0.031138 0.0379841 0.675619
1 0.399483 0.458873 0.0368988 0.0409233 0.593667
1 0.186378 0.494596 0.0463253 0.0547318 0.560123
4 0.336352 0.383624 0.0394461 0.0552561 0.482539
1 0.278411 0.426157 0.0279287 0.038241 0.47151
1 0.396736 0.440519 0.0360635 0.0518686 0.383901
1 0.00690416 0.925323 0.0136492 0.146792 0.292108
1 0.401385 0.421797 0.0289438 0.0374014 0.276721
1 0.406739 0.413669 0.0256766 0.0328466 0.268956
