4 0.619806 0.437679 0.0646687 0.084256 0.920953
1 0.562061 0.565413 0.0583383 0.0850265 0.865526
4 0.0356695 0.687028 0.071339 0.256022 0.781149
4 0.0554276 0.890693 0.110081 0.218615 0.735753
5 0.291382 0.522034 0.054318 0.0615688 0.685222
4 0.538699 0.404557 0.038309 0.0674218 0.620603
1 0.923876 0.758608 0.136989 0.185327 0.620135
1 0.92735 0.958776 0.1453 0.0824491 0.565782
1 0.291621 0.521406 0.0536755 0.0612362 0.459702
5 0.924277 0.758952 0.13842 0.184963 0.403219
4 0.291823 0.521912 0.0543636 0.0613023 0.265159
