3 0.680745 0.668473 0.13681 0.344676 0.858806
3 0.308808 0.744631 0.178599 0.398063 0.82173
3 0.596552 0.661735 0.121814 0.326595 0.789977
3 0.419711 0.676164 0.124748 0.349743 0.769859
3 0.551365 0.605188 0.096592 0.294508 0.749953
3 0.846906 0.645217 0.182711 0.54123 0.733698
3 0.486837 0.579572 0.0893713 0.258533 0.725241
3 0.125057 0.740743 0.19737 0.43546 0.583686
3 0.0839209 0.726328 0.167842 0.460569 0.526425
3 0.379536 0.664366 0.102169 0.35982 0.505672
3 0.20629 0.696721 0.16162 0.405432 0.502608
3 0.42814 0.664846 0.0956232 0.312105 0.459649
3 0.201788 0.72717 0.205271 0.454996 0.440814
3 0.211383 0.632417 0.138225 0.269488 0.431454
3 0.0580741 0.720021 0.116148 0.457576 0.365529
3 0.16245 0.734831 0.228694 0.455375 0.28975
3 0.29331 0.608004 0.152462 0.343858 0.281717
